7.695003082125427829e-01
7.125006394831712164e-01
6.619870864974962688e-01
8.004321242512014711e-01
8.395465783266026216e-01
7.917906076882778033e-01
7.858896040916748538e-01
7.875235804786435700e-01
6.997701316550020145e-01
6.942074023410214068e-01
7.214578229885857397e-01
7.476000807706016937e-01
7.109627237359953389e-01
6.434648579296005089e-01
5.942774117834147551e-01
6.323876178852857466e-01
6.180622028139113322e-01
6.522961327754320804e-01
6.105285664567244863e-01
6.030276955311630882e-01
6.345409436111486556e-01
6.423689621503435587e-01
6.212496431618348414e-01
6.293794137467166872e-01
6.287550942760827821e-01
6.433271218954317305e-01
6.643074988530914826e-01
5.732392971731632425e-01
5.544967933139309801e-01
6.715805185150433010e-01
