1.641537241687750992e+01
1.552515816717015795e+01
1.742040926599685591e+01
1.672073845608269949e+01
1.901096158644540424e+01
1.553021245948238160e+01
1.204757093274321633e+01
1.380665358924886732e+01
1.479599303803654564e+01
1.752647241469485451e+01
1.503047089174463125e+01
1.524417902976083639e+01
1.452946917250980619e+01
1.711101123243574307e+01
1.823161821919942938e+01
1.669600393728469001e+01
1.911490740424246582e+01
1.749171567449219111e+01
1.608317197931510378e+01
1.714658696968119855e+01
1.741621002437022625e+01
1.708806855451566875e+01
1.470277351758282336e+01
1.645606028549188693e+01
2.036556790991999577e+01
1.578501816187702289e+01
1.582456681140294918e+01
2.034852101672286651e+01
1.639606174611796874e+01
1.958538064842064585e+01
